 DATA SET FOR "multall" . GENERATED BY "stagen" .                       
    CP   and   GAMMA 
 1006.2501    1.4000
       ITIMST 
         3
     CFL,    DAMP,    MACHLIM,    F_PDOWN 
  0.400000 10.000000  2.000000  0.000000
  IF_RESTART 
         0
  NSTEPS_MAX, CONLIM 
      9000  0.001000
   SFX,      SFT,      FAC_4TH,     NCHANGE 
  0.005000  0.005000  0.800000      1000
       NUMBER OF BLADE ROWS 
         1
        IM        KM 
        46        46
  FP(I),I=1,IMM1 
  1.000000  1.250000  1.562500  1.953125  2.441406  3.051758  3.814697  4.768372
  5.960464  7.450581  9.313226 11.641532 14.551915 18.189894 20.000000 20.000000
 20.000000 20.000000 20.000000 20.000000 20.000000 20.000000 20.000000 20.000000
 20.000000 20.000000 20.000000 20.000000 20.000000 20.000000 20.000000 18.189894
 14.551915 11.641532  9.313226  7.450581  5.960464  4.768372  3.814697  3.051758
  2.441406  1.953125  1.562500  1.250000  1.000000
  FR(K),K=1,KMM1 
  1.000000  1.250000  1.562500  1.953125  2.441406  3.051758  3.814697  4.768372
  5.960464  7.450581  9.313226 11.641532 14.551915 18.189894 20.000000 20.000000
 20.000000 20.000000 20.000000 20.000000 20.000000 20.000000 20.000000 20.000000
 20.000000 20.000000 20.000000 20.000000 20.000000 20.000000 20.000000 18.189894
 14.551915 11.641532  9.313226  7.450581  5.960464  4.768372  3.814697  3.051758
  2.441406  1.953125  1.562500  1.250000  1.000000
        IR        JR        KR        IRBB      JRBB      KRBB 
         3         3         3         9         9         9
   FBLK1,     FBLK2,     FBLK3  
  0.400000  0.200000  0.100000
       IFMIX 
         1
   RFMIX,    FEXTRAP,   FSMTHB,    FANGLE 
  0.025000  0.800000  1.000000  0.800000
      IFCOOL    IFBLEED    IF_ROUGH 
         0         0         0
       NSECS_IN 
         2
       IN_PRESS  IN_VTAN   IN_VR    IN_FLOW  IF_REPEAT  RFIN 
         0         0         1         0         0   0.50000
  IPOUT  SFEXIT  NSFEXIT 
    1  0.000000    0
  PLATE_LOSS  THROTTLE_EXIT 
  0.000000  0.000000
        ILOS      NLOS      IBOUND 
        10         5         0
   REYNO,     RF_VIS,   FTRANS, TURBVIS_LIM, PRANDTL, YPLUSWALL
  800000.0     0.500     0.000  3000.000       1.0     0.000
   YPLAM      YPTURB 
  5.000000 25.000000
      ISHIFT    NEXTRAP_LE  NEXTRAP_TE 
         2        10        10
  (NSTG(N),N=1,NROWS) 
         1
  5  TIME STEPS FOR PRINTOUT 
      9000      9000      9000      9000      9000
  MARKER FOR VARIABLES TO BE SENT TO THE OUTPUT FILE.
 0 0 0 0 0 0 0 0 0 0 0 0 0 0 0 0 0 0 0 0
  STREAM SURFACES ON WHICH RESULTS ARE TO BE SENT TO   THE OUTPUT FILE 
 0 0 0 0 0 0 0 0 0 0 0 0 0 0 0 0 0 0 0 0 0 0 0 0 0 0 0 0 0 0 0 0 0 0 0 0 0 0 0 0
 0 0 0 0 0 0
 ***************************************************************
 ************STARTING THE INPUT FOR EACH BLADE ROW**************
ROTOR   ROW                                                             
    NUMBER OF BLADES IN ROW 
         6
        JM        JLE       JTE 
       141        16       116
      KTIPSTART  KTIPEND 
         0         0
       BOUNDARY LAYER TRANSITION POINTS 
         0         0         0         0
  SET NEWGRID= 1 TO GENERATE A NEW GRID WITH DIFFERENT "J" POINTS AND SPACINGS.
         0
   RPMROW,    RPMHUB 
    5000.0       0.0
       JROTHS    JROTHE    JROTTS    JROTTE 
        20       130         0         0
   PUPROW    PLEROW   PTEROW    PDROW 
   65000.0   65000.0   45000.0   45000.0
      NSECS_ROW   INSURF  
         2         0
  IF_CUSP_OUT   IFANGLES 
         1         0
         0         3         0
 ***************************************************************
  ROW NUMBER           1  SECTION NUMBER            1
           0           0           0  IF_DESIGN etc 
   1.00000   0.00000    0
  0.060000  0.061618  0.062998  0.064176  0.065181  0.066038  0.066769  0.067393
  0.067925  0.068379  0.068767  0.069097  0.069379  0.069620  0.069825  0.070000
  0.070175  0.070357  0.070557  0.070780  0.071032  0.071313  0.071614  0.071931
  0.072262  0.072603  0.072955  0.073323  0.073708  0.074111  0.074532  0.074970
  0.075427  0.075901  0.076394  0.076905  0.077434  0.077978  0.078537  0.079111
  0.079699  0.080300  0.080915  0.081542  0.082181  0.082831  0.083492  0.084162
  0.084842  0.085530  0.086225  0.086928  0.087637  0.088351  0.089070  0.089792
  0.090517  0.091244  0.091972  0.092699  0.093425  0.094149  0.094870  0.095586
  0.096297  0.097001  0.097695  0.098376  0.099043  0.099695  0.100333  0.100956
  0.101565  0.102159  0.102738  0.103304  0.103858  0.104404  0.104942  0.105473
  0.105996  0.106512  0.107023  0.107526  0.108024  0.108516  0.109002  0.109480
  0.109951  0.110415  0.110872  0.111322  0.111765  0.112200  0.112629  0.113051
  0.113465  0.113873  0.114273  0.114666  0.115053  0.115432  0.115804  0.116169
  0.116527  0.116878  0.117221  0.117558  0.117888  0.118211  0.118526  0.118835
  0.119137  0.119431  0.119719  0.120000  0.120281  0.120594  0.120944  0.121334
  0.121769  0.122254  0.122795  0.123399  0.124073  0.124825  0.125663  0.126598
  0.127642  0.128806  0.130105  0.131554  0.133171  0.134974  0.136986  0.139231
  0.141735  0.144528  0.147645  0.151122  0.155000
  1.000000  0.000000
 -0.018415 -0.017282 -0.016315 -0.015491 -0.014787 -0.014187 -0.013675 -0.013238
 -0.012865 -0.012547 -0.012276 -0.012045 -0.011847 -0.011679 -0.011535 -0.011413
 -0.010042 -0.009510 -0.009072 -0.008664 -0.008252 -0.007814 -0.007366 -0.006915
 -0.006463 -0.006017 -0.005575 -0.005130 -0.004686 -0.004242 -0.003799 -0.003359
 -0.002925 -0.002497 -0.002077 -0.001670 -0.001275 -0.000897 -0.000539 -0.000200
  0.000114  0.000405  0.000670  0.000907  0.001115  0.001292  0.001438  0.001550
  0.001629  0.001671  0.001679  0.001650  0.001584  0.001479  0.001337  0.001153
  0.000930  0.000662  0.000353  0.000000 -0.000395 -0.000834 -0.001316 -0.001842
 -0.002408 -0.003018 -0.003664 -0.004341 -0.005048 -0.005782 -0.006539 -0.007315
 -0.008108 -0.008916 -0.009737 -0.010571 -0.011415 -0.012274 -0.013147 -0.014034
 -0.014937 -0.015850 -0.016775 -0.017712 -0.018661 -0.019621 -0.020586 -0.021557
 -0.022532 -0.023513 -0.024495 -0.025478 -0.026462 -0.027445 -0.028428 -0.029407
 -0.030382 -0.031352 -0.032316 -0.033274 -0.034224 -0.035164 -0.036095 -0.037016
 -0.037926 -0.038824 -0.039709 -0.040580 -0.041438 -0.042281 -0.043109 -0.043921
 -0.044717 -0.045497 -0.046260 -0.047395 -0.048089 -0.048865 -0.049730 -0.050695
 -0.051771 -0.052973 -0.054312 -0.055807 -0.057475 -0.059335 -0.061411 -0.063726
 -0.066309 -0.069191 -0.072406 -0.075992 -0.079994 -0.084457 -0.089437 -0.094992
 -0.101190 -0.108104 -0.115818 -0.124423 -0.134023
  1.000000
  0.000000  0.000000  0.000000  0.000000  0.000000  0.000000  0.000000  0.000000
  0.000000  0.000000  0.000000  0.000000  0.000000  0.000000  0.000000  0.000000
  0.002544  0.003411  0.004014  0.004537  0.005044  0.005565  0.006087  0.006606
  0.007119  0.007615  0.008091  0.008552  0.008992  0.009408  0.009802  0.010184
  0.010558  0.010924  0.011282  0.011628  0.011965  0.012287  0.012595  0.012889
  0.013165  0.013427  0.013671  0.013896  0.014104  0.014292  0.014462  0.014612
  0.014743  0.014852  0.014942  0.015012  0.015060  0.015089  0.015098  0.015087
  0.015057  0.015007  0.014937  0.014850  0.014746  0.014623  0.014486  0.014331
  0.014164  0.013981  0.013789  0.013587  0.013372  0.013152  0.012926  0.012692
  0.012454  0.012214  0.011970  0.011719  0.011469  0.011217  0.010958  0.010697
  0.010430  0.010163  0.009891  0.009618  0.009341  0.009061  0.008779  0.008498
  0.008215  0.007929  0.007645  0.007359  0.007075  0.006791  0.006506  0.006222
  0.005939  0.005658  0.005379  0.005099  0.004823  0.004548  0.004276  0.004006
  0.003738  0.003473  0.003210  0.002951  0.002695  0.002442  0.002193  0.001947
  0.001705  0.001422  0.001054 -0.000001 -0.000001  0.000000  0.000000  0.000000
  0.000000  0.000000  0.000000  0.000000  0.000000  0.000000  0.000000  0.000000
  0.000000  0.000000  0.000000  0.000000  0.000000  0.000000  0.000000  0.000000
  0.000000  0.000000  0.000000  0.000000  0.000000
  1.000000  0.000000
  0.500000  0.500000  0.500000  0.500000  0.500000  0.500000  0.500000  0.500000
  0.500000  0.500000  0.500000  0.500000  0.500000  0.500000  0.500000  0.500000
  0.500000  0.500000  0.500000  0.500000  0.500000  0.500000  0.500000  0.500000
  0.500000  0.500000  0.500000  0.500000  0.500000  0.500000  0.500000  0.500000
  0.500000  0.500000  0.500000  0.500000  0.500000  0.500000  0.500000  0.500000
  0.500000  0.500000  0.500000  0.500000  0.500000  0.500000  0.500000  0.500000
  0.500000  0.500000  0.500000  0.500000  0.500000  0.500000  0.500000  0.500000
  0.500000  0.500000  0.500000  0.500000  0.500000  0.500000  0.500000  0.500000
  0.500000  0.500000  0.500000  0.500000  0.500000  0.500000  0.500000  0.500000
  0.500000  0.500000  0.500000  0.500000  0.500000  0.500000  0.500000  0.500000
  0.500000  0.500000  0.500000  0.500000  0.500000  0.500000  0.500000  0.500000
  0.500000  0.500000  0.500000  0.500000  0.500000  0.500000  0.500000  0.500000
  0.500000  0.500000  0.500000  0.500000  0.500000  0.500000  0.500000  0.500000
  0.500000  0.500000  0.500000  0.500000  0.500000  0.500000  0.500000  0.500000
  0.500000  0.500000  0.500000  0.500000  0.500000  0.500000  0.500000  0.500000
  0.500000  0.500000  0.500000  0.500000  0.500000  0.500000  0.500000  0.500000
  0.500000  0.500000  0.500000  0.500000  0.500000  0.500000  0.500000  0.500000
  0.500000  0.500000  0.500000  0.500000  0.500001
 ***************************************************************
  ROW NUMBER           1  SECTION NUMBER            2
           0           0           0  IF_DESIGN etc 
   1.00000   0.00000    0
  0.060000  0.061618  0.062998  0.064176  0.065181  0.066038  0.066769  0.067393
  0.067925  0.068379  0.068767  0.069097  0.069379  0.069620  0.069825  0.070000
  0.070173  0.070354  0.070551  0.070772  0.071022  0.071300  0.071598  0.071911
  0.072238  0.072576  0.072924  0.073288  0.073669  0.074067  0.074482  0.074915
  0.075366  0.075835  0.076322  0.076827  0.077349  0.077886  0.078438  0.079005
  0.079585  0.080179  0.080786  0.081405  0.082035  0.082677  0.083330  0.083992
  0.084663  0.085343  0.086031  0.086725  0.087426  0.088133  0.088844  0.089559
  0.090277  0.090997  0.091718  0.092440  0.093160  0.093879  0.094595  0.095307
  0.096014  0.096715  0.097406  0.098085  0.098750  0.099402  0.100039  0.100662
  0.101271  0.101865  0.102446  0.103013  0.103570  0.104118  0.104659  0.105192
  0.105719  0.106240  0.106754  0.107262  0.107765  0.108263  0.108754  0.109238
  0.109715  0.110186  0.110649  0.111106  0.111556  0.112000  0.112436  0.112866
  0.113289  0.113704  0.114113  0.114515  0.114910  0.115299  0.115680  0.116054
  0.116421  0.116782  0.117135  0.117481  0.117821  0.118153  0.118478  0.118797
  0.119108  0.119412  0.119710  0.120000  0.120296  0.120626  0.120994  0.121405
  0.121864  0.122376  0.122947  0.123585  0.124297  0.125092  0.125979  0.126969
  0.128075  0.129309  0.130687  0.132226  0.133943  0.135860  0.137999  0.140385
  0.143039  0.146000  0.149303  0.152989  0.157100
  1.000000  0.000000
 -0.019397 -0.018197 -0.017172 -0.016297 -0.015549 -0.014911 -0.014367 -0.013902
 -0.013506 -0.013167 -0.012878 -0.012632 -0.012422 -0.012242 -0.012089 -0.011958
 -0.010456 -0.009884 -0.009417 -0.008984 -0.008550 -0.008093 -0.007625 -0.007152
 -0.006679 -0.006210 -0.005745 -0.005277 -0.004809 -0.004339 -0.003871 -0.003404
 -0.002943 -0.002488 -0.002039 -0.001604 -0.001180 -0.000774 -0.000386 -0.000021
  0.000323  0.000640  0.000930  0.001193  0.001425  0.001625  0.001790  0.001921
  0.002017  0.002076  0.002095  0.002076  0.002017  0.001918  0.001777  0.001595
  0.001366  0.001095  0.000775  0.000411  0.000000 -0.000459 -0.000964 -0.001517
 -0.002115 -0.002759 -0.003446 -0.004167 -0.004923 -0.005711 -0.006525 -0.007363
 -0.008222 -0.009099 -0.009992 -0.010898 -0.011824 -0.012765 -0.013724 -0.014699
 -0.015692 -0.016703 -0.017727 -0.018766 -0.019819 -0.020886 -0.021962 -0.023046
 -0.024137 -0.025234 -0.026335 -0.027439 -0.028546 -0.029653 -0.030761 -0.031866
 -0.032968 -0.034066 -0.035159 -0.036245 -0.037324 -0.038393 -0.039453 -0.040501
 -0.041537 -0.042562 -0.043571 -0.044567 -0.045546 -0.046510 -0.047457 -0.048386
 -0.049298 -0.050190 -0.051064 -0.052364 -0.053117 -0.053958 -0.054896 -0.055942
 -0.057110 -0.058413 -0.059866 -0.061488 -0.063298 -0.065317 -0.067570 -0.070083
 -0.072888 -0.076018 -0.079510 -0.083408 -0.087757 -0.092611 -0.098028 -0.104076
 -0.110832 -0.118375 -0.126797 -0.136202 -0.146706
  1.000000
  0.000000  0.000000  0.000000  0.000000  0.000000  0.000000  0.000000  0.000000
  0.000000  0.000000  0.000000  0.000000  0.000000  0.000000  0.000000  0.000000
  0.002764  0.003665  0.004304  0.004863  0.005403  0.005956  0.006512  0.007065
  0.007611  0.008141  0.008650  0.009145  0.009617  0.010065  0.010490  0.010904
  0.011310  0.011709  0.012101  0.012481  0.012851  0.013208  0.013551  0.013878
  0.014191  0.014486  0.014763  0.015023  0.015264  0.015485  0.015684  0.015864
  0.016025  0.016164  0.016280  0.016376  0.016449  0.016502  0.016532  0.016543
  0.016530  0.016499  0.016445  0.016375  0.016283  0.016172  0.016045  0.015899
  0.015738  0.015561  0.015370  0.015170  0.014954  0.014730  0.014498  0.014259
  0.014010  0.013759  0.013503  0.013241  0.012971  0.012701  0.012425  0.012142
  0.011856  0.011564  0.011268  0.010967  0.010664  0.010355  0.010043  0.009729
  0.009414  0.009096  0.008777  0.008456  0.008135  0.007814  0.007491  0.007170
  0.006848  0.006527  0.006207  0.005887  0.005569  0.005253  0.004939  0.004627
  0.004318  0.004011  0.003707  0.003406  0.003109  0.002815  0.002525  0.002238
  0.001956  0.001629  0.001202 -0.000001 -0.000001  0.000000  0.000000  0.000000
  0.000000  0.000000  0.000000  0.000000  0.000000  0.000000  0.000000  0.000000
  0.000000  0.000000  0.000000  0.000000  0.000000  0.000000  0.000000  0.000000
  0.000000  0.000000  0.000000  0.000000  0.000000
  1.000000  0.000000
  0.607000  0.607647  0.608199  0.608670  0.609072  0.609415  0.609708  0.609957
  0.610170  0.610352  0.610507  0.610639  0.610752  0.610848  0.610930  0.611000
  0.611075  0.611154  0.611240  0.611336  0.611445  0.611567  0.611697  0.611835
  0.611978  0.612127  0.612280  0.612440  0.612608  0.612784  0.612967  0.613159
  0.613359  0.613567  0.613783  0.614007  0.614239  0.614478  0.614724  0.614976
  0.615234  0.615499  0.615769  0.616045  0.616325  0.616611  0.616901  0.617195
  0.617493  0.617794  0.618098  0.618404  0.618713  0.619023  0.619334  0.619646
  0.619958  0.620271  0.620582  0.620892  0.621201  0.621507  0.621811  0.622112
  0.622408  0.622701  0.622988  0.623267  0.623540  0.623805  0.624063  0.624314
  0.624557  0.624793  0.625021  0.625243  0.625460  0.625671  0.625878  0.626081
  0.626280  0.626475  0.626666  0.626854  0.627038  0.627219  0.627396  0.627569
  0.627738  0.627903  0.628065  0.628223  0.628377  0.628527  0.628674  0.628818
  0.628958  0.629094  0.629227  0.629356  0.629482  0.629605  0.629725  0.629841
  0.629954  0.630064  0.630171  0.630274  0.630375  0.630473  0.630568  0.630660
  0.630749  0.630835  0.630919  0.631000  0.631061  0.631129  0.631205  0.631288
  0.631381  0.631483  0.631595  0.631720  0.631858  0.632009  0.632176  0.632359
  0.632561  0.632782  0.633026  0.633293  0.633587  0.633910  0.634267  0.634669
  0.635147  0.635680  0.636275  0.636938  0.637678
  STARTING INLET BOUNDARY CONDITION DATA .
  NUMBER OF POINTS FOR INLET BOUNDARY CONDITIONS 
        46
  SPACING OF INLET BOUNDARY CONDITION POINTS 
  1.000000  1.250000  1.562500  1.953125  2.441406  3.051758  3.814697  4.768372
  5.960464  7.450581  9.313226 11.641532 14.551915 18.189894 20.000000 20.000000
 20.000000 20.000000 20.000000 20.000000 20.000000 20.000000 20.000000 20.000000
 20.000000 20.000000 20.000000 20.000000 20.000000 20.000000 20.000000 18.189894
 14.551915 11.641532  9.313226  7.450581  5.960464  4.768372  3.814697  3.051758
  2.441406  1.953125  1.562500  1.250000  1.000000
   INLET STAGNATION PRESSURES 
  100000.0  100000.0  100000.0  100000.0  100000.0  100000.0  100000.0  100000.0
  100000.0  100000.0  100000.0  100000.0  100000.0  100000.0  100000.0  100000.0
  100000.0  100000.0  100000.0  100000.0  100000.0  100000.0  100000.0  100000.0
  100000.0  100000.0  100000.0  100000.0  100000.0  100000.0  100000.0  100000.0
  100000.0  100000.0  100000.0  100000.0  100000.0  100000.0  100000.0  100000.0
  100000.0  100000.0  100000.0  100000.0  100000.0  100000.0
   INLET STAGNATION TEMPERATURES 
  300.0000  300.0000  300.0000  300.0000  300.0000  300.0000  300.0000  300.0000
  300.0000  300.0000  300.0000  300.0000  300.0000  300.0000  300.0000  300.0000
  300.0000  300.0000  300.0000  300.0000  300.0000  300.0000  300.0000  300.0000
  300.0000  300.0000  300.0000  300.0000  300.0000  300.0000  300.0000  300.0000
  300.0000  300.0000  300.0000  300.0000  300.0000  300.0000  300.0000  300.0000
  300.0000  300.0000  300.0000  300.0000  300.0000  300.0000
   INLET ABSOLUTE TANGENTIAL VELOCITY 
  -70.0000  -70.0000  -70.0000  -70.0000  -70.0000  -70.0000  -70.0000  -70.0000
  -70.0000  -70.0000  -70.0000  -70.0000  -70.0000  -70.0000  -70.0000  -70.0000
  -70.0000  -70.0000  -70.0000  -70.0000  -70.0000  -70.0000  -70.0000  -70.0000
  -70.0000  -70.0000  -70.0000  -70.0000  -70.0000  -70.0000  -70.0000  -70.0000
  -70.0000  -70.0000  -70.0000  -70.0000  -70.0000  -70.0000  -70.0000  -70.0000
  -70.0000  -70.0000  -70.0000  -70.0000  -70.0000  -70.0000
   INLET MERIDIONAL VELOCITY 
   95.0000   95.0000   95.0000   95.0000   95.0000   95.0000   95.0000   95.0000
   95.0000   95.0000   95.0000   95.0000   95.0000   95.0000   95.0000   95.0000
   95.0000   95.0000   95.0000   95.0000   95.0000   95.0000   95.0000   95.0000
   95.0000   95.0000   95.0000   95.0000   95.0000   95.0000   95.0000   95.0000
   95.0000   95.0000   95.0000   95.0000   95.0000   95.0000   95.0000   95.0000
   95.0000   95.0000   95.0000   95.0000   95.0000   95.0000
   INLET MERIDIONAL YAW ANGLE  
  -35.0000  -35.0000  -35.0000  -35.0000  -35.0000  -35.0000  -35.0000  -35.0000
  -35.0000  -35.0000  -35.0000  -35.0000  -35.0000  -35.0000  -35.0000  -35.0000
  -35.0000  -35.0000  -35.0000  -35.0000  -35.0000  -35.0000  -35.0000  -35.0000
  -35.0000  -35.0000  -35.0000  -35.0000  -35.0000  -35.0000  -35.0000  -35.0000
  -35.0000  -35.0000  -35.0000  -35.0000  -35.0000  -35.0000  -35.0000  -35.0000
  -35.0000  -35.0000  -35.0000  -35.0000  -35.0000  -35.0000
   INLET PITCH ANGLE 
    0.0000    0.0253    0.0569    0.0964    0.1459    0.2076    0.2848    0.3813
    0.5019    0.6527    0.8412    1.0768    1.3713    1.7394    2.1995    2.7055
    3.2114    3.7174    4.2233    4.7292    5.2352    5.7411    6.2470    6.7530
    7.2589    7.7648    8.2708    8.7767    9.2826    9.7886   10.2945   10.8005
   11.2606   11.6287   11.9232   12.1588   12.3473   12.4981   12.6187   12.7152
   12.7924   12.8541   12.9036   12.9431   12.9747   13.0000
   PDOWN_HUB   PDOWN_TIP 
   45000.0   45000.0
 MIXING LENGTH LIMITS ON ALL BLADE ROWS
  0.050000  0.050000  0.050000  0.050000  0.050000  0.030000
  FACTOR TO INCREASE THE TURBULENT VISCOSITY OVER THE FIRST NMIXUP STEPS 
   2.00000 1000
